{
 "cells": [
  {
   "cell_type": "markdown",
   "metadata": {},
   "source": [
    "First import the module"
   ]
  },
  {
   "cell_type": "code",
   "execution_count": 18,
   "metadata": {},
   "outputs": [],
   "source": [
    "import sys\n",
    "sys.path.insert(0, '..')\n",
    "\n",
    "from tf_pwa.config_loader import ConfigLoader"
   ]
  },
  {
   "cell_type": "markdown",
   "metadata": {},
   "source": [
    "Then load a ``config.yml`` file"
   ]
  },
  {
   "cell_type": "code",
   "execution_count": 19,
   "metadata": {},
   "outputs": [],
   "source": [
    "config = ConfigLoader(\"config.yml\")"
   ]
  },
  {
   "cell_type": "markdown",
   "metadata": {},
   "source": [
    "Now we can fit, with the gen data"
   ]
  },
  {
   "cell_type": "code",
   "execution_count": 20,
   "metadata": {
    "scrolled": false
   },
   "outputs": [
    {
     "name": "stdout",
     "output_type": "stream",
     "text": [
      "/mnt/e/workfs/test_process/tf-pwa/tutorials/../tf_pwa/config_loader/config_loader.py:775: UserWarning: Neglect ['R_BC_mass', 'R_BC_width', 'R_BD_mass', 'R_BD_width', 'R_CD_mass', 'R_CD_width'] when setting params.\r\n",
      "  warnings.warn(\"Neglect {} when setting params.\".format(neglect_params))\r\n",
      "data: 100 , sig: 100 , bkg: 0\r\n"
     ]
    }
   ],
   "source": [
    "!python gen_toy.py"
   ]
  },
  {
   "cell_type": "code",
   "execution_count": 21,
   "metadata": {
    "scrolled": true
   },
   "outputs": [
    {
     "name": "stdout",
     "output_type": "stream",
     "text": [
      "Using Model_old\n",
      "decay chains included: \n",
      "   [A->R_BC+D, R_BC->B+C]  ls:  ((0, 1), (2, 1)) ((0, 1), (2, 1), (2, 2))\n",
      "   [A->R_BD+C, R_BD->B+D]  ls:  ((0, 1), (2, 1), (2, 2)) ((0, 1), (2, 1))\n",
      "   [A->R_CD+B, R_CD->C+D]  ls:  ((0, 1), (2, 1), (2, 2)) ((0, 1), (2, 1))\n",
      "\n",
      "########### initial parameters\n",
      "{\n",
      "  \"R_BC_mass\": 4.16,\n",
      "  \"R_BC_width\": 0.1,\n",
      "  \"R_BD_mass\": 2.43,\n",
      "  \"R_BD_width\": 0.3,\n",
      "  \"R_CD_mass\": 2.42,\n",
      "  \"R_CD_width\": 0.03,\n",
      "  \"A->R_BC.DR_BC->B.C_total_0r\": 0.06756301618920424,\n",
      "  \"A->R_BC.DR_BC->B.C_total_0i\": 0.0,\n",
      "  \"A->R_BC.D_g_ls_0r\": 1.0,\n",
      "  \"A->R_BC.D_g_ls_0i\": 0.0,\n",
      "  \"A->R_BC.D_g_ls_1r\": 0.5700560313034169,\n",
      "  \"A->R_BC.D_g_ls_1i\": -0.1860424081173142,\n",
      "  \"R_BC->B.C_g_ls_0r\": 1.0,\n",
      "  \"R_BC->B.C_g_ls_0i\": 0.0,\n",
      "  \"R_BC->B.C_g_ls_1r\": 0.47483935924004417,\n",
      "  \"R_BC->B.C_g_ls_1i\": -0.8218653628127397,\n",
      "  \"R_BC->B.C_g_ls_2r\": 0.04797793785348414,\n",
      "  \"R_BC->B.C_g_ls_2i\": 2.3534959560511792,\n",
      "  \"A->R_BD.CR_BD->B.D_total_0r\": 0.5388725455565986,\n",
      "  \"A->R_BD.CR_BD->B.D_total_0i\": -2.5135930454075828,\n",
      "  \"A->R_BD.C_g_ls_0r\": 1.0,\n",
      "  \"A->R_BD.C_g_ls_0i\": 0.0,\n",
      "  \"A->R_BD.C_g_ls_1r\": 0.6300775878778548,\n",
      "  \"A->R_BD.C_g_ls_1i\": 2.1067326047411443,\n",
      "  \"A->R_BD.C_g_ls_2r\": 0.1794184666356693,\n",
      "  \"A->R_BD.C_g_ls_2i\": -1.3186471900065646,\n",
      "  \"R_BD->B.D_g_ls_0r\": 1.0,\n",
      "  \"R_BD->B.D_g_ls_0i\": 0.0,\n",
      "  \"R_BD->B.D_g_ls_1r\": 1.459835216330104,\n",
      "  \"R_BD->B.D_g_ls_1i\": 2.591365649413617,\n",
      "  \"A->R_CD.BR_CD->C.D_total_0r\": 1.7117398614598467,\n",
      "  \"A->R_CD.BR_CD->C.D_total_0i\": 1.986011169790979,\n",
      "  \"A->R_CD.B_g_ls_0r\": 1.0,\n",
      "  \"A->R_CD.B_g_ls_0i\": 0.0,\n",
      "  \"A->R_CD.B_g_ls_1r\": 0.669800760884967,\n",
      "  \"A->R_CD.B_g_ls_1i\": -2.3544818987452794,\n",
      "  \"A->R_CD.B_g_ls_2r\": 1.1214075748958368,\n",
      "  \"A->R_CD.B_g_ls_2i\": 2.9456572812043555,\n",
      "  \"R_CD->C.D_g_ls_0r\": 1.0,\n",
      "  \"R_CD->C.D_g_ls_0i\": 0.0,\n",
      "  \"R_CD->C.D_g_ls_1r\": 0.918808627158362,\n",
      "  \"R_CD->C.D_g_ls_1i\": -0.4376771202709495\n",
      "}\n",
      "initial NLL:  tf.Tensor(68.38493628536048, shape=(), dtype=float64)\n",
      "nll_grad  cost time: 0.18335843086242676\n",
      "nll_grad  cost time: 0.1767280101776123\n",
      "tf.Tensor(62.987826012150265, shape=(), dtype=float64)\n",
      "nll_grad  cost time: 0.1860642433166504\n",
      "tf.Tensor(61.014483536083475, shape=(), dtype=float64)\n",
      "nll_grad  cost time: 0.18129444122314453\n",
      "nll_grad  cost time: 0.1675126552581787\n",
      "nll_grad  cost time: 0.23465800285339355\n",
      "nll_grad  cost time: 0.22397136688232422\n",
      "nll_grad  cost time: 0.17881560325622559\n",
      "nll_grad  cost time: 0.1822504997253418\n",
      "nll_grad  cost time: 0.17830801010131836\n",
      "tf.Tensor(-1.578606178763124, shape=(), dtype=float64)\n",
      "nll_grad  cost time: 0.18355512619018555\n",
      "nll_grad  cost time: 0.18395519256591797\n",
      "nll_grad  cost time: 0.17660880088806152\n",
      "nll_grad  cost time: 0.17061829566955566\n",
      "tf.Tensor(-1.6161080319915584, shape=(), dtype=float64)\n",
      "nll_grad  cost time: 0.18518400192260742\n",
      "nll_grad  cost time: 0.1780533790588379\n",
      "nll_grad  cost time: 0.17786002159118652\n",
      "nll_grad  cost time: 0.17830252647399902\n",
      "nll_grad  cost time: 0.17914271354675293\n",
      "nll_grad  cost time: 0.16690278053283691\n",
      "nll_grad  cost time: 0.17699480056762695\n",
      "tf.Tensor(-19.425356837821198, shape=(), dtype=float64)\n",
      "nll_grad  cost time: 0.1772305965423584\n",
      "nll_grad  cost time: 0.18097901344299316\n",
      "tf.Tensor(-20.494884644430044, shape=(), dtype=float64)\n",
      "nll_grad  cost time: 0.177839994430542\n",
      "tf.Tensor(-22.200844561981228, shape=(), dtype=float64)\n",
      "nll_grad  cost time: 0.18230628967285156\n",
      "tf.Tensor(-23.73896657733127, shape=(), dtype=float64)\n",
      "nll_grad  cost time: 0.18318486213684082\n",
      "tf.Tensor(-24.467423844906932, shape=(), dtype=float64)\n",
      "nll_grad  cost time: 0.17420196533203125\n",
      "tf.Tensor(-25.22675810222762, shape=(), dtype=float64)\n",
      "nll_grad  cost time: 0.17403388023376465\n",
      "tf.Tensor(-25.866272176117263, shape=(), dtype=float64)\n",
      "nll_grad  cost time: 0.1817457675933838\n",
      "nll_grad  cost time: 0.17446589469909668\n",
      "tf.Tensor(-26.266830615297465, shape=(), dtype=float64)\n",
      "nll_grad  cost time: 0.1791234016418457\n",
      "tf.Tensor(-26.617975300641604, shape=(), dtype=float64)\n",
      "nll_grad  cost time: 0.18505048751831055\n",
      "tf.Tensor(-26.979016462314974, shape=(), dtype=float64)\n",
      "nll_grad  cost time: 0.17667412757873535\n",
      "tf.Tensor(-27.09724497977203, shape=(), dtype=float64)\n",
      "nll_grad  cost time: 0.17785334587097168\n",
      "tf.Tensor(-27.27757119896819, shape=(), dtype=float64)\n",
      "nll_grad  cost time: 0.17931270599365234\n",
      "tf.Tensor(-27.450488471068013, shape=(), dtype=float64)\n",
      "nll_grad  cost time: 0.16737651824951172\n",
      "tf.Tensor(-27.546428626072725, shape=(), dtype=float64)\n",
      "nll_grad  cost time: 0.17871975898742676\n",
      "tf.Tensor(-27.609422891957536, shape=(), dtype=float64)\n",
      "nll_grad  cost time: 0.1695418357849121\n",
      "tf.Tensor(-27.666658873682763, shape=(), dtype=float64)\n",
      "nll_grad  cost time: 0.18268394470214844\n",
      "tf.Tensor(-27.687762134073353, shape=(), dtype=float64)\n",
      "nll_grad  cost time: 0.16818881034851074\n",
      "tf.Tensor(-27.707075479535547, shape=(), dtype=float64)\n",
      "nll_grad  cost time: 0.1753544807434082\n",
      "tf.Tensor(-27.732854789772546, shape=(), dtype=float64)\n",
      "nll_grad  cost time: 0.17476153373718262\n",
      "tf.Tensor(-27.757309121199967, shape=(), dtype=float64)\n",
      "nll_grad  cost time: 0.1797773838043213\n",
      "tf.Tensor(-27.798743910223436, shape=(), dtype=float64)\n",
      "nll_grad  cost time: 0.17251038551330566\n",
      "tf.Tensor(-27.857746132976615, shape=(), dtype=float64)\n",
      "nll_grad  cost time: 0.1676180362701416\n",
      "nll_grad  cost time: 0.16122913360595703\n",
      "tf.Tensor(-27.87016716267459, shape=(), dtype=float64)\n",
      "nll_grad  cost time: 0.17013764381408691\n",
      "tf.Tensor(-27.887888097470295, shape=(), dtype=float64)\n",
      "nll_grad  cost time: 0.16500043869018555\n",
      "tf.Tensor(-27.899213706577598, shape=(), dtype=float64)\n",
      "nll_grad  cost time: 0.17480087280273438\n",
      "tf.Tensor(-27.90680918794783, shape=(), dtype=float64)\n",
      "nll_grad  cost time: 0.17249393463134766\n",
      "tf.Tensor(-27.9172855478501, shape=(), dtype=float64)\n",
      "nll_grad  cost time: 0.17641377449035645\n",
      "tf.Tensor(-27.932527023010152, shape=(), dtype=float64)\n",
      "nll_grad  cost time: 0.1748363971710205\n",
      "tf.Tensor(-27.950989176825544, shape=(), dtype=float64)\n",
      "nll_grad  cost time: 0.1750493049621582\n",
      "tf.Tensor(-27.97206789685174, shape=(), dtype=float64)\n",
      "nll_grad  cost time: 0.18013262748718262\n",
      "tf.Tensor(-28.00239524453042, shape=(), dtype=float64)\n",
      "nll_grad  cost time: 0.1793961524963379\n",
      "nll_grad  cost time: 0.1750500202178955\n",
      "tf.Tensor(-28.023837792141308, shape=(), dtype=float64)\n",
      "nll_grad  cost time: 0.18229365348815918\n",
      "tf.Tensor(-28.057187327137115, shape=(), dtype=float64)\n",
      "nll_grad  cost time: 0.18021225929260254\n",
      "tf.Tensor(-28.10473231938738, shape=(), dtype=float64)\n",
      "nll_grad  cost time: 0.18628406524658203\n",
      "tf.Tensor(-28.13832687446495, shape=(), dtype=float64)\n",
      "nll_grad  cost time: 0.17746996879577637\n",
      "tf.Tensor(-28.155390138900657, shape=(), dtype=float64)\n",
      "nll_grad  cost time: 0.18064475059509277\n",
      "tf.Tensor(-28.178973542884762, shape=(), dtype=float64)\n",
      "nll_grad  cost time: 0.1774895191192627\n",
      "tf.Tensor(-28.208681557534078, shape=(), dtype=float64)\n",
      "nll_grad  cost time: 0.1902751922607422\n",
      "tf.Tensor(-28.243149115360552, shape=(), dtype=float64)\n",
      "nll_grad  cost time: 0.18012642860412598\n",
      "tf.Tensor(-28.28691342461576, shape=(), dtype=float64)\n",
      "nll_grad  cost time: 0.20371103286743164\n",
      "tf.Tensor(-28.330327215124157, shape=(), dtype=float64)\n",
      "nll_grad  cost time: 0.2017230987548828\n",
      "tf.Tensor(-28.37720748303468, shape=(), dtype=float64)\n",
      "nll_grad  cost time: 0.20534873008728027\n",
      "tf.Tensor(-28.42425122305184, shape=(), dtype=float64)\n",
      "nll_grad  cost time: 0.1812136173248291\n",
      "tf.Tensor(-28.465644727912263, shape=(), dtype=float64)\n",
      "nll_grad  cost time: 0.2054290771484375\n",
      "tf.Tensor(-28.5129454836229, shape=(), dtype=float64)\n",
      "nll_grad  cost time: 0.20352673530578613\n",
      "tf.Tensor(-28.591523020801247, shape=(), dtype=float64)\n",
      "nll_grad  cost time: 0.18366074562072754\n",
      "tf.Tensor(-28.715619484967192, shape=(), dtype=float64)\n",
      "nll_grad  cost time: 0.21216630935668945\n",
      "tf.Tensor(-28.90825626945923, shape=(), dtype=float64)\n",
      "nll_grad  cost time: 0.17867636680603027\n",
      "nll_grad  cost time: 0.18646550178527832\n",
      "nll_grad  cost time: 0.18502163887023926\n",
      "tf.Tensor(-29.145324122736724, shape=(), dtype=float64)\n",
      "nll_grad  cost time: 0.21292328834533691\n",
      "nll_grad  cost time: 0.18442606925964355\n",
      "tf.Tensor(-29.27036825601262, shape=(), dtype=float64)\n",
      "nll_grad  cost time: 0.18099546432495117\n",
      "tf.Tensor(-29.440418174547002, shape=(), dtype=float64)\n",
      "nll_grad  cost time: 0.17439961433410645\n",
      "tf.Tensor(-29.609464948628627, shape=(), dtype=float64)\n"
     ]
    },
    {
     "name": "stdout",
     "output_type": "stream",
     "text": [
      "nll_grad  cost time: 0.18802738189697266\n",
      "tf.Tensor(-29.851529706451636, shape=(), dtype=float64)\n",
      "nll_grad  cost time: 0.17360806465148926\n",
      "tf.Tensor(-30.059788251980333, shape=(), dtype=float64)\n",
      "nll_grad  cost time: 0.18447279930114746\n",
      "tf.Tensor(-30.18822774075625, shape=(), dtype=float64)\n",
      "nll_grad  cost time: 0.17389631271362305\n",
      "tf.Tensor(-30.353303427853657, shape=(), dtype=float64)\n",
      "nll_grad  cost time: 0.18291664123535156\n",
      "tf.Tensor(-30.50217239672662, shape=(), dtype=float64)\n",
      "nll_grad  cost time: 0.1824023723602295\n",
      "tf.Tensor(-30.63547104571857, shape=(), dtype=float64)\n",
      "nll_grad  cost time: 0.193619966506958\n",
      "nll_grad  cost time: 0.17810773849487305\n",
      "tf.Tensor(-30.67507666422766, shape=(), dtype=float64)\n",
      "nll_grad  cost time: 0.1889817714691162\n",
      "tf.Tensor(-30.709324331832256, shape=(), dtype=float64)\n",
      "nll_grad  cost time: 0.18543624877929688\n",
      "tf.Tensor(-30.74340946616951, shape=(), dtype=float64)\n",
      "nll_grad  cost time: 0.1832270622253418\n",
      "tf.Tensor(-30.775429125200112, shape=(), dtype=float64)\n",
      "nll_grad  cost time: 0.1716156005859375\n",
      "tf.Tensor(-30.812440247375456, shape=(), dtype=float64)\n",
      "nll_grad  cost time: 0.17783117294311523\n",
      "nll_grad  cost time: 0.17101478576660156\n",
      "tf.Tensor(-30.832165948253007, shape=(), dtype=float64)\n",
      "nll_grad  cost time: 0.17920923233032227\n",
      "tf.Tensor(-30.85474159757711, shape=(), dtype=float64)\n",
      "nll_grad  cost time: 0.17680144309997559\n",
      "tf.Tensor(-30.877295240233508, shape=(), dtype=float64)\n",
      "nll_grad  cost time: 0.1831836700439453\n",
      "nll_grad  cost time: 0.18763232231140137\n",
      "nll_grad  cost time: 0.1851363182067871\n",
      "tf.Tensor(-30.99535569160703, shape=(), dtype=float64)\n",
      "nll_grad  cost time: 0.20466947555541992\n",
      "nll_grad  cost time: 0.22998571395874023\n",
      "tf.Tensor(-31.016423648791815, shape=(), dtype=float64)\n",
      "nll_grad  cost time: 0.1733102798461914\n",
      "tf.Tensor(-31.054468637641108, shape=(), dtype=float64)\n",
      "nll_grad  cost time: 0.18693232536315918\n",
      "nll_grad  cost time: 0.1784193515777588\n",
      "tf.Tensor(-31.32943392895129, shape=(), dtype=float64)\n",
      "nll_grad  cost time: 0.18729686737060547\n",
      "tf.Tensor(-31.572675000536464, shape=(), dtype=float64)\n",
      "nll_grad  cost time: 0.18186330795288086\n",
      "tf.Tensor(-31.912608440342666, shape=(), dtype=float64)\n",
      "nll_grad  cost time: 0.1901559829711914\n",
      "tf.Tensor(-32.33657601449224, shape=(), dtype=float64)\n",
      "nll_grad  cost time: 0.19179749488830566\n",
      "tf.Tensor(-32.57164586108456, shape=(), dtype=float64)\n",
      "nll_grad  cost time: 0.18289399147033691\n",
      "tf.Tensor(-32.8706065646378, shape=(), dtype=float64)\n",
      "nll_grad  cost time: 0.177537202835083\n",
      "nll_grad  cost time: 0.18697667121887207\n",
      "tf.Tensor(-33.04713917567159, shape=(), dtype=float64)\n",
      "nll_grad  cost time: 0.17840123176574707\n",
      "tf.Tensor(-33.11299868835951, shape=(), dtype=float64)\n",
      "nll_grad  cost time: 0.2158339023590088\n",
      "tf.Tensor(-33.21598809017357, shape=(), dtype=float64)\n",
      "nll_grad  cost time: 0.18584465980529785\n",
      "tf.Tensor(-33.3423957220358, shape=(), dtype=float64)\n",
      "nll_grad  cost time: 0.19703030586242676\n",
      "tf.Tensor(-33.411632991112185, shape=(), dtype=float64)\n",
      "nll_grad  cost time: 0.1801445484161377\n",
      "tf.Tensor(-33.46422400747542, shape=(), dtype=float64)\n",
      "nll_grad  cost time: 0.19347810745239258\n",
      "tf.Tensor(-33.492291897382785, shape=(), dtype=float64)\n",
      "nll_grad  cost time: 0.1784226894378662\n",
      "tf.Tensor(-33.52745365147919, shape=(), dtype=float64)\n",
      "nll_grad  cost time: 0.18917322158813477\n",
      "tf.Tensor(-33.54683194273184, shape=(), dtype=float64)\n",
      "nll_grad  cost time: 0.18131709098815918\n",
      "tf.Tensor(-33.57758742964765, shape=(), dtype=float64)\n",
      "nll_grad  cost time: 0.20122075080871582\n",
      "tf.Tensor(-33.607235737331706, shape=(), dtype=float64)\n",
      "nll_grad  cost time: 0.1832902431488037\n",
      "tf.Tensor(-33.630292874114275, shape=(), dtype=float64)\n",
      "nll_grad  cost time: 0.19219136238098145\n",
      "tf.Tensor(-33.65348896008442, shape=(), dtype=float64)\n",
      "nll_grad  cost time: 0.1782073974609375\n",
      "tf.Tensor(-33.665794859890866, shape=(), dtype=float64)\n",
      "nll_grad  cost time: 0.18450641632080078\n",
      "tf.Tensor(-33.67519953331208, shape=(), dtype=float64)\n",
      "nll_grad  cost time: 0.16713452339172363\n",
      "tf.Tensor(-33.68979692200085, shape=(), dtype=float64)\n",
      "nll_grad  cost time: 0.1797633171081543\n",
      "tf.Tensor(-33.70871194413323, shape=(), dtype=float64)\n",
      "nll_grad  cost time: 0.17899417877197266\n",
      "tf.Tensor(-33.72297298585241, shape=(), dtype=float64)\n",
      "nll_grad  cost time: 0.1835801601409912\n",
      "tf.Tensor(-33.737975548768134, shape=(), dtype=float64)\n",
      "nll_grad  cost time: 0.16748571395874023\n",
      "tf.Tensor(-33.74722219835638, shape=(), dtype=float64)\n",
      "nll_grad  cost time: 0.1785297393798828\n",
      "tf.Tensor(-33.75407814164217, shape=(), dtype=float64)\n",
      "nll_grad  cost time: 0.17369890213012695\n",
      "tf.Tensor(-33.76148657166348, shape=(), dtype=float64)\n",
      "nll_grad  cost time: 0.19185686111450195\n",
      "tf.Tensor(-33.76909095819002, shape=(), dtype=float64)\n",
      "nll_grad  cost time: 0.1755826473236084\n",
      "tf.Tensor(-33.781259725945375, shape=(), dtype=float64)\n",
      "nll_grad  cost time: 0.18425822257995605\n",
      "tf.Tensor(-33.79799552486307, shape=(), dtype=float64)\n",
      "nll_grad  cost time: 0.18423032760620117\n",
      "tf.Tensor(-33.80844386422618, shape=(), dtype=float64)\n",
      "nll_grad  cost time: 0.19548249244689941\n",
      "tf.Tensor(-33.81824225688689, shape=(), dtype=float64)\n",
      "nll_grad  cost time: 0.18675780296325684\n",
      "tf.Tensor(-33.82754546871789, shape=(), dtype=float64)\n",
      "nll_grad  cost time: 0.188507080078125\n",
      "tf.Tensor(-33.842118272121894, shape=(), dtype=float64)\n",
      "nll_grad  cost time: 0.20209050178527832\n",
      "tf.Tensor(-33.86317421202611, shape=(), dtype=float64)\n",
      "nll_grad  cost time: 0.2053234577178955\n",
      "tf.Tensor(-33.88493819135664, shape=(), dtype=float64)\n",
      "nll_grad  cost time: 0.19415640830993652\n",
      "tf.Tensor(-33.906926240168076, shape=(), dtype=float64)\n",
      "nll_grad  cost time: 0.18302488327026367\n",
      "tf.Tensor(-33.92566203446535, shape=(), dtype=float64)\n",
      "nll_grad  cost time: 0.18172264099121094\n",
      "tf.Tensor(-33.9383294808398, shape=(), dtype=float64)\n",
      "nll_grad  cost time: 0.1903235912322998\n",
      "tf.Tensor(-33.951117905875094, shape=(), dtype=float64)\n",
      "nll_grad  cost time: 0.1756441593170166\n",
      "tf.Tensor(-33.96781821690158, shape=(), dtype=float64)\n",
      "nll_grad  cost time: 0.18776440620422363\n",
      "tf.Tensor(-33.97321007282005, shape=(), dtype=float64)\n",
      "nll_grad  cost time: 0.1813211441040039\n",
      "tf.Tensor(-33.976068174332966, shape=(), dtype=float64)\n",
      "nll_grad  cost time: 0.1818709373474121\n",
      "tf.Tensor(-33.97812145424291, shape=(), dtype=float64)\n",
      "nll_grad  cost time: 0.18273639678955078\n",
      "tf.Tensor(-33.979445337302565, shape=(), dtype=float64)\n",
      "nll_grad  cost time: 0.1748213768005371\n",
      "tf.Tensor(-33.980718318157386, shape=(), dtype=float64)\n",
      "nll_grad  cost time: 0.16759204864501953\n",
      "tf.Tensor(-33.98244239278651, shape=(), dtype=float64)\n",
      "nll_grad  cost time: 0.1936190128326416\n",
      "tf.Tensor(-33.98496722258804, shape=(), dtype=float64)\n",
      "nll_grad  cost time: 0.17300724983215332\n",
      "tf.Tensor(-33.9887049815359, shape=(), dtype=float64)\n",
      "nll_grad  cost time: 0.17862892150878906\n",
      "tf.Tensor(-33.993219346119815, shape=(), dtype=float64)\n",
      "nll_grad  cost time: 0.18308544158935547\n",
      "tf.Tensor(-33.99686536592807, shape=(), dtype=float64)\n",
      "nll_grad  cost time: 0.18733549118041992\n",
      "tf.Tensor(-33.997991320875315, shape=(), dtype=float64)\n",
      "nll_grad  cost time: 0.1766340732574463\n",
      "tf.Tensor(-33.99851150629107, shape=(), dtype=float64)\n",
      "nll_grad  cost time: 0.18829131126403809\n",
      "tf.Tensor(-33.9987785473991, shape=(), dtype=float64)\n",
      "nll_grad  cost time: 0.17937755584716797\n",
      "tf.Tensor(-33.99917859579864, shape=(), dtype=float64)\n",
      "nll_grad  cost time: 0.1835930347442627\n",
      "tf.Tensor(-33.9995281714952, shape=(), dtype=float64)\n",
      "nll_grad  cost time: 0.17836427688598633\n",
      "tf.Tensor(-33.999800119079936, shape=(), dtype=float64)\n",
      "nll_grad  cost time: 0.1876680850982666\n",
      "tf.Tensor(-34.00007099913478, shape=(), dtype=float64)\n",
      "nll_grad  cost time: 0.18068933486938477\n",
      "tf.Tensor(-34.000225468204604, shape=(), dtype=float64)\n",
      "nll_grad  cost time: 0.18582940101623535\n",
      "tf.Tensor(-34.00032443237521, shape=(), dtype=float64)\n",
      "nll_grad  cost time: 0.18788456916809082\n",
      "tf.Tensor(-34.00037181878716, shape=(), dtype=float64)\n",
      "nll_grad  cost time: 0.18454480171203613\n",
      "tf.Tensor(-34.00039972890929, shape=(), dtype=float64)\n",
      "nll_grad  cost time: 0.17823529243469238\n",
      "tf.Tensor(-34.00041644270709, shape=(), dtype=float64)\n",
      "nll_grad  cost time: 0.18438124656677246\n",
      "tf.Tensor(-34.0004291536639, shape=(), dtype=float64)\n",
      "nll_grad  cost time: 0.17783737182617188\n",
      "tf.Tensor(-34.00044228913845, shape=(), dtype=float64)\n"
     ]
    },
    {
     "name": "stdout",
     "output_type": "stream",
     "text": [
      "nll_grad  cost time: 0.18735933303833008\n",
      "tf.Tensor(-34.00045814502184, shape=(), dtype=float64)\n",
      "nll_grad  cost time: 0.18219709396362305\n",
      "tf.Tensor(-34.000478583788606, shape=(), dtype=float64)\n",
      "nll_grad  cost time: 0.19935965538024902\n",
      "tf.Tensor(-34.000506986306306, shape=(), dtype=float64)\n",
      "nll_grad  cost time: 0.18509125709533691\n",
      "tf.Tensor(-34.00054593322062, shape=(), dtype=float64)\n",
      "nll_grad  cost time: 0.18457412719726562\n",
      "tf.Tensor(-34.0005925968176, shape=(), dtype=float64)\n",
      "nll_grad  cost time: 0.1824195384979248\n",
      "tf.Tensor(-34.00064085321887, shape=(), dtype=float64)\n",
      "nll_grad  cost time: 0.1905825138092041\n",
      "tf.Tensor(-34.000693494657156, shape=(), dtype=float64)\n",
      "nll_grad  cost time: 0.18179869651794434\n",
      "tf.Tensor(-34.00076693639332, shape=(), dtype=float64)\n",
      "nll_grad  cost time: 0.18239545822143555\n",
      "tf.Tensor(-34.00088020047366, shape=(), dtype=float64)\n",
      "nll_grad  cost time: 0.18066668510437012\n",
      "tf.Tensor(-34.001034591790074, shape=(), dtype=float64)\n",
      "nll_grad  cost time: 0.18970108032226562\n",
      "tf.Tensor(-34.00115796969811, shape=(), dtype=float64)\n",
      "nll_grad  cost time: 0.18247056007385254\n",
      "tf.Tensor(-34.001204776918485, shape=(), dtype=float64)\n",
      "nll_grad  cost time: 0.18275928497314453\n",
      "tf.Tensor(-34.0012208614956, shape=(), dtype=float64)\n",
      "nll_grad  cost time: 0.17830419540405273\n",
      "tf.Tensor(-34.00123411980928, shape=(), dtype=float64)\n",
      "nll_grad  cost time: 0.18082761764526367\n",
      "tf.Tensor(-34.001237594812096, shape=(), dtype=float64)\n",
      "nll_grad  cost time: 0.18119406700134277\n",
      "tf.Tensor(-34.00124149667462, shape=(), dtype=float64)\n",
      "nll_grad  cost time: 0.18957734107971191\n",
      "tf.Tensor(-34.00124312569625, shape=(), dtype=float64)\n",
      "nll_grad  cost time: 0.18885159492492676\n",
      "tf.Tensor(-34.00124486139353, shape=(), dtype=float64)\n",
      "nll_grad  cost time: 0.18750786781311035\n",
      "tf.Tensor(-34.001245744891406, shape=(), dtype=float64)\n",
      "nll_grad  cost time: 0.17862296104431152\n",
      "tf.Tensor(-34.00124600101677, shape=(), dtype=float64)\n",
      "nll_grad  cost time: 0.18739056587219238\n",
      "tf.Tensor(-34.00124602457828, shape=(), dtype=float64)\n",
      "nll_grad  cost time: 0.17381882667541504\n",
      "tf.Tensor(-34.001246026129536, shape=(), dtype=float64)\n",
      "nll_grad  cost time: 0.18269753456115723\n",
      "tf.Tensor(-34.00124602631735, shape=(), dtype=float64)\n",
      "Optimization terminated successfully.\n",
      "         Current function value: -34.001246\n",
      "         Iterations: 162\n",
      "         Function evaluations: 192\n",
      "         Gradient evaluations: 192\n",
      "      fun: -34.00124602631735\n",
      " hess_inv: array([[ 1.76104486e+01, -4.46249424e-01,  1.70238095e+01,\n",
      "         1.26754492e+00, -3.00950712e+00,  5.06172349e+00,\n",
      "        -4.03706037e-01,  1.45505518e+00, -1.10023646e+01,\n",
      "        -9.74728785e-01,  1.60988278e+01,  1.35968361e+00,\n",
      "        -1.29796232e+01, -5.00826268e-01, -9.55702033e-02,\n",
      "         1.70275198e+00, -2.17572746e+00, -1.97990511e+00,\n",
      "        -1.73566068e+00,  6.20832878e-01, -5.91609012e-01,\n",
      "        -1.01367261e+00],\n",
      "       [-4.46249424e-01,  4.35753328e-01,  1.08492331e-01,\n",
      "         7.24799321e-02,  9.06040238e-01,  3.94161654e-01,\n",
      "        -4.02732316e-03,  2.08369702e-01, -3.98116881e-01,\n",
      "        -5.17619188e-02,  2.57131735e-01,  7.09313688e-02,\n",
      "        -2.92404049e-01, -2.25207966e-01,  5.54556750e-03,\n",
      "         1.48499044e-01, -2.15408680e-01, -3.75120262e-02,\n",
      "        -5.26233878e-01,  1.11645028e-01, -9.34980514e-02,\n",
      "        -5.29398904e-02],\n",
      "       [ 1.70238095e+01,  1.08492331e-01,  4.92191895e+02,\n",
      "        -1.39642185e+00,  8.40708426e+01, -1.03217458e+01,\n",
      "        -3.04947074e+00,  1.81181862e+00, -7.78259902e+00,\n",
      "         1.37896285e+00,  9.19044272e+00, -2.84452577e+00,\n",
      "         3.03679118e+00, -9.77509616e-01, -1.86588067e+00,\n",
      "         6.80332122e-01, -3.19656731e+00,  6.20829942e+00,\n",
      "         1.33291572e+00, -3.15338479e+00,  1.56029102e+00,\n",
      "        -3.18949642e+00],\n",
      "       [ 1.26754492e+00,  7.24799321e-02, -1.39642185e+00,\n",
      "         1.25891484e+00, -1.66299051e+00,  2.17585948e+00,\n",
      "        -2.91350522e-02,  9.94479242e-01, -2.74777735e+00,\n",
      "         1.63768228e-01,  3.79937050e+00,  5.69178251e-01,\n",
      "        -9.56387255e-01, -3.72561515e-01,  1.62424584e-02,\n",
      "         9.65998985e-01, -6.29183316e-01, -7.58966858e-02,\n",
      "        -5.84759494e-01,  6.68169343e-01, -3.55538943e-01,\n",
      "        -1.87665156e-01],\n",
      "       [-3.00950712e+00,  9.06040238e-01,  8.40708426e+01,\n",
      "        -1.66299051e+00,  4.31718381e+01, -3.46769829e+00,\n",
      "        -6.12037123e-01, -1.39977537e-01, -4.47763500e+00,\n",
      "        -1.50576133e-01,  5.37121422e+00, -1.79742861e+00,\n",
      "        -8.23182046e+00, -1.74022566e-01, -3.56981093e-01,\n",
      "        -1.40498228e+00,  8.65919802e-01,  2.70392134e+00,\n",
      "         1.18742029e+00,  1.49052663e-01, -7.88145509e-01,\n",
      "        -4.86687103e-01],\n",
      "       [ 5.06172349e+00,  3.94161654e-01, -1.03217458e+01,\n",
      "         2.17585948e+00, -3.46769829e+00,  1.04729327e+01,\n",
      "        -4.02369764e-02,  9.26644332e-01, -2.46002869e+00,\n",
      "         2.35346913e-01,  5.62621507e+00,  1.77088244e+00,\n",
      "        -7.61718989e+00, -3.64720652e-01,  8.12264598e-02,\n",
      "         1.52901587e+00, -4.00541229e+00, -1.65749026e-01,\n",
      "        -3.42493366e+00,  1.61396815e+00, -2.35583318e+00,\n",
      "        -5.22335305e-01],\n",
      "       [-4.03706037e-01, -4.02732316e-03, -3.04947074e+00,\n",
      "        -2.91350522e-02, -6.12037123e-01, -4.02369764e-02,\n",
      "         3.82202491e-02, -1.55704955e-01,  1.31747807e+00,\n",
      "         6.50719808e-02, -1.53270112e+00, -4.95637686e-03,\n",
      "         5.66018065e-01,  7.72398286e-02,  1.35975777e-02,\n",
      "        -4.20273007e-02, -3.83519680e-02,  1.56938084e-02,\n",
      "        -6.63159473e-03, -8.57092630e-02,  8.65098104e-02,\n",
      "         6.32303822e-02],\n",
      "       [ 1.45505518e+00,  2.08369702e-01,  1.81181862e+00,\n",
      "         9.94479242e-01, -1.39977537e-01,  9.26644332e-01,\n",
      "        -1.55704955e-01,  2.59314387e+00, -1.21264363e+01,\n",
      "        -8.56081580e-01,  1.28038028e+01,  1.44116168e-02,\n",
      "        -2.97374096e+00, -1.23261461e+00, -1.76222940e-02,\n",
      "         1.02978499e+00,  8.66954081e-01, -5.54382146e-01,\n",
      "         1.22341334e-01,  1.35480095e+00, -1.19247798e+00,\n",
      "        -4.61689941e-01],\n",
      "       [-1.10023646e+01, -3.98116881e-01, -7.78259902e+00,\n",
      "        -2.74777735e+00, -4.47763500e+00, -2.46002869e+00,\n",
      "         1.31747807e+00, -1.21264363e+01,  1.01258595e+02,\n",
      "         5.16345552e+00, -1.08563711e+02, -1.18387272e+00,\n",
      "         2.91752202e+01,  6.93337983e+00,  1.49661378e-01,\n",
      "        -2.47109813e+00, -8.07178955e+00,  3.84591399e+00,\n",
      "        -1.69677187e+00, -8.86666555e+00,  6.27704803e+00,\n",
      "         3.12625995e+00],\n",
      "       [-9.74728785e-01, -5.17619188e-02,  1.37896285e+00,\n",
      "         1.63768228e-01, -1.50576133e-01,  2.35346913e-01,\n",
      "         6.50719808e-02, -8.56081580e-01,  5.16345552e+00,\n",
      "         9.16906713e-01, -4.97566540e+00,  4.48782614e-01,\n",
      "         1.74199714e+00,  2.95595384e-01,  1.22264122e-02,\n",
      "         2.63679368e-02, -6.59235092e-01,  4.04128427e-01,\n",
      "        -5.39716591e-01, -3.38584068e-01,  5.90077424e-01,\n",
      "         1.32168838e-01],\n",
      "       [ 1.60988278e+01,  2.57131735e-01,  9.19044272e+00,\n",
      "         3.79937050e+00,  5.37121422e+00,  5.62621507e+00,\n",
      "        -1.53270112e+00,  1.28038028e+01, -1.08563711e+02,\n",
      "        -4.97566540e+00,  1.28183527e+02,  1.97569114e+00,\n",
      "        -3.35647945e+01, -6.73046406e+00, -1.63474485e-01,\n",
      "         3.58150960e+00,  6.68690760e+00, -4.03699289e+00,\n",
      "         1.52354341e+00,  9.14788503e+00, -6.12177095e+00,\n",
      "        -3.29823157e+00],\n",
      "       [ 1.35968361e+00,  7.09313688e-02, -2.84452577e+00,\n",
      "         5.69178251e-01, -1.79742861e+00,  1.77088244e+00,\n",
      "        -4.95637686e-03,  1.44116168e-02, -1.18387272e+00,\n",
      "         4.48782614e-01,  1.97569114e+00,  1.37655612e+00,\n",
      "        -1.61629607e+00, -5.99517761e-01,  2.88716692e-02,\n",
      "         5.36092321e-01, -9.30346218e-01, -4.40833679e-01,\n",
      "        -1.58550719e+00,  7.01055932e-01,  3.66035569e-01,\n",
      "        -3.55620360e-01],\n",
      "       [-1.29796232e+01, -2.92404049e-01,  3.03679118e+00,\n",
      "        -9.56387255e-01, -8.23182046e+00, -7.61718989e+00,\n",
      "         5.66018065e-01, -2.97374096e+00,  2.91752202e+01,\n",
      "         1.74199714e+00, -3.35647945e+01, -1.61629607e+00,\n",
      "         4.06509124e+01,  1.98275633e+00,  1.63725792e-02,\n",
      "        -9.80058195e-01,  1.78965910e+00,  1.65010673e+00,\n",
      "         4.47595390e+00, -2.74936575e+00,  4.60628071e+00,\n",
      "         1.47420274e+00],\n",
      "       [-5.00826268e-01, -2.25207966e-01, -9.77509616e-01,\n",
      "        -3.72561515e-01, -1.74022566e-01, -3.64720652e-01,\n",
      "         7.72398286e-02, -1.23261461e+00,  6.93337983e+00,\n",
      "         2.95595384e-01, -6.73046406e+00, -5.99517761e-01,\n",
      "         1.98275633e+00,  1.56655903e+00,  1.03211276e-03,\n",
      "        -4.28540830e-01, -4.21907507e-01,  5.61373623e-01,\n",
      "         9.50497629e-01, -1.07534466e+00,  2.13870630e-01,\n",
      "         5.49052853e-01],\n",
      "       [-9.55702033e-02,  5.54556750e-03, -1.86588067e+00,\n",
      "         1.62424584e-02, -3.56981093e-01,  8.12264598e-02,\n",
      "         1.35975777e-02, -1.76222940e-02,  1.49661378e-01,\n",
      "         1.22264122e-02, -1.63474485e-01,  2.88716692e-02,\n",
      "         1.63725792e-02,  1.03211276e-03,  8.37340082e-03,\n",
      "         9.02470779e-03, -3.64024308e-02, -2.61042500e-02,\n",
      "        -7.31403753e-02,  1.23863859e-02,  3.82453220e-02,\n",
      "         8.83930876e-03],\n",
      "       [ 1.70275198e+00,  1.48499044e-01,  6.80332122e-01,\n",
      "         9.65998985e-01, -1.40498228e+00,  1.52901587e+00,\n",
      "        -4.20273007e-02,  1.02978499e+00, -2.47109813e+00,\n",
      "         2.63679368e-02,  3.58150960e+00,  5.36092321e-01,\n",
      "        -9.80058195e-01, -4.28540830e-01,  9.02470779e-03,\n",
      "         1.30017109e+00, -7.37204794e-01, -8.11208142e-01,\n",
      "        -1.00499086e+00,  3.54702210e-01, -5.08106292e-02,\n",
      "        -4.42398376e-01],\n",
      "       [-2.17572746e+00, -2.15408680e-01, -3.19656731e+00,\n",
      "        -6.29183316e-01,  8.65919802e-01, -4.00541229e+00,\n",
      "        -3.83519680e-02,  8.66954081e-01, -8.07178955e+00,\n",
      "        -6.59235092e-01,  6.68690760e+00, -9.30346218e-01,\n",
      "         1.78965910e+00, -4.21907507e-01, -3.64024308e-02,\n",
      "        -7.37204794e-01,  3.99272797e+00,  2.55046398e-01,\n",
      "         3.37095448e+00,  3.67976162e-01, -1.04267993e+00,\n",
      "         1.81425800e-01],\n",
      "       [-1.97990511e+00, -3.75120262e-02,  6.20829942e+00,\n",
      "        -7.58966858e-02,  2.70392134e+00, -1.65749026e-01,\n",
      "         1.56938084e-02, -5.54382146e-01,  3.84591399e+00,\n",
      "         4.04128427e-01, -4.03699289e+00, -4.40833679e-01,\n",
      "         1.65010673e+00,  5.61373623e-01, -2.61042500e-02,\n",
      "        -8.11208142e-01,  2.55046398e-01,  2.15144406e+00,\n",
      "         1.14584829e+00, -1.93373567e-01, -6.74892983e-01,\n",
      "         4.75674361e-01],\n",
      "       [-1.73566068e+00, -5.26233878e-01,  1.33291572e+00,\n",
      "        -5.84759494e-01,  1.18742029e+00, -3.42493366e+00,\n",
      "        -6.63159473e-03,  1.22341334e-01, -1.69677187e+00,\n",
      "        -5.39716591e-01,  1.52354341e+00, -1.58550719e+00,\n",
      "         4.47595390e+00,  9.50497629e-01, -7.31403753e-02,\n",
      "        -1.00499086e+00,  3.37095448e+00,  1.14584829e+00,\n",
      "         6.88693529e+00, -6.13077891e-01, -1.04958203e+00,\n",
      "         8.09603134e-01],\n",
      "       [ 6.20832878e-01,  1.11645028e-01, -3.15338479e+00,\n",
      "         6.68169343e-01,  1.49052663e-01,  1.61396815e+00,\n",
      "        -8.57092630e-02,  1.35480095e+00, -8.86666555e+00,\n",
      "        -3.38584068e-01,  9.14788503e+00,  7.01055932e-01,\n",
      "        -2.74936575e+00, -1.07534466e+00,  1.23863859e-02,\n",
      "         3.54702210e-01,  3.67976162e-01, -1.93373567e-01,\n",
      "        -6.13077891e-01,  1.91902722e+00, -9.63785646e-01,\n",
      "        -5.03260473e-01],\n",
      "       [-5.91609012e-01, -9.34980514e-02,  1.56029102e+00,\n",
      "        -3.55538943e-01, -7.88145509e-01, -2.35583318e+00,\n",
      "         8.65098104e-02, -1.19247798e+00,  6.27704803e+00,\n",
      "         5.90077424e-01, -6.12177095e+00,  3.66035569e-01,\n",
      "         4.60628071e+00,  2.13870630e-01,  3.82453220e-02,\n",
      "        -5.08106292e-02, -1.04267993e+00, -6.74892983e-01,\n",
      "        -1.04958203e+00, -9.63785646e-01,  1.26310389e+01,\n",
      "         1.22528240e-02],\n",
      "       [-1.01367261e+00, -5.29398904e-02, -3.18949642e+00,\n",
      "        -1.87665156e-01, -4.86687103e-01, -5.22335305e-01,\n",
      "         6.32303822e-02, -4.61689941e-01,  3.12625995e+00,\n",
      "         1.32168838e-01, -3.29823157e+00, -3.55620360e-01,\n",
      "         1.47420274e+00,  5.49052853e-01,  8.83930876e-03,\n",
      "        -4.42398376e-01,  1.81425800e-01,  4.75674361e-01,\n",
      "         8.09603134e-01, -5.03260473e-01,  1.22528240e-02,\n",
      "         9.95909303e-01]])\n",
      "      jac: array([-9.06290115e-07, -3.06625818e-06, -2.30806159e-07, -7.02859580e-07,\n",
      "       -8.05490782e-08,  1.28298168e-06, -3.54328420e-05, -6.87990540e-06,\n",
      "       -1.41974513e-06, -3.23581478e-06, -1.21022615e-06, -2.03130640e-06,\n",
      "       -2.20068424e-07, -2.01907473e-06, -2.51581911e-05,  1.00567178e-05,\n",
      "        2.16014237e-06,  1.90359488e-06, -4.57722969e-07, -2.89091075e-07,\n",
      "        6.83964651e-07,  1.83830739e-06])\n",
      "  message: 'Optimization terminated successfully.'\n",
      "     nfev: 192\n",
      "      nit: 162\n",
      "     njev: 192\n",
      "   status: 0\n",
      "  success: True\n",
      "        x: array([ 5.00759299,  2.79821654, 12.10499284, -1.97622517,  2.42354786,\n",
      "        4.40863803, -0.07813534, -7.54089975,  5.64429265, -1.5854601 ,\n",
      "       -7.16981848, -0.86865963, 10.19221479,  3.28881754, -0.0487536 ,\n",
      "       -0.23702278, -1.35457312,  0.14545672, -2.13023136,  1.59079389,\n",
      "        4.7277173 , -0.10286288])\n",
      "fit  cost time: 36.24741983413696\n"
     ]
    }
   ],
   "source": [
    "fit_result = config.fit()"
   ]
  },
  {
   "cell_type": "markdown",
   "metadata": {},
   "source": [
    "we can get the parameters from fit result"
   ]
  },
  {
   "cell_type": "code",
   "execution_count": 22,
   "metadata": {
    "scrolled": true
   },
   "outputs": [
    {
     "name": "stdout",
     "output_type": "stream",
     "text": [
      "{'A->R_BC.DR_BC->B.C_total_0i': 0.0,\n",
      " 'A->R_BC.DR_BC->B.C_total_0r': 0.06756301618920424,\n",
      " 'A->R_BC.D_g_ls_0i': 0.0,\n",
      " 'A->R_BC.D_g_ls_0r': 1.0,\n",
      " 'A->R_BC.D_g_ls_1i': 2.7982165411951065,\n",
      " 'A->R_BC.D_g_ls_1r': 5.007592986331204,\n",
      " 'A->R_BD.CR_BD->B.D_total_0i': -7.540899749347185,\n",
      " 'A->R_BD.CR_BD->B.D_total_0r': -0.07813534164707722,\n",
      " 'A->R_BD.C_g_ls_0i': 0.0,\n",
      " 'A->R_BD.C_g_ls_0r': 1.0,\n",
      " 'A->R_BD.C_g_ls_1i': -1.585460096096803,\n",
      " 'A->R_BD.C_g_ls_1r': 5.644292646746874,\n",
      " 'A->R_BD.C_g_ls_2i': -0.8686596256750073,\n",
      " 'A->R_BD.C_g_ls_2r': -7.169818477782848,\n",
      " 'A->R_CD.BR_CD->C.D_total_0i': -0.23702277899482518,\n",
      " 'A->R_CD.BR_CD->C.D_total_0r': -0.04875359757701153,\n",
      " 'A->R_CD.B_g_ls_0i': 0.0,\n",
      " 'A->R_CD.B_g_ls_0r': 1.0,\n",
      " 'A->R_CD.B_g_ls_1i': 0.14545672145270125,\n",
      " 'A->R_CD.B_g_ls_1r': -1.3545731202564328,\n",
      " 'A->R_CD.B_g_ls_2i': 1.5907938884323027,\n",
      " 'A->R_CD.B_g_ls_2r': -2.1302313588893513,\n",
      " 'R_BC->B.C_g_ls_0i': 0.0,\n",
      " 'R_BC->B.C_g_ls_0r': 1.0,\n",
      " 'R_BC->B.C_g_ls_1i': -1.9762251686104502,\n",
      " 'R_BC->B.C_g_ls_1r': 12.104992837880616,\n",
      " 'R_BC->B.C_g_ls_2i': 4.40863803182774,\n",
      " 'R_BC->B.C_g_ls_2r': 2.4235478590395383,\n",
      " 'R_BC_mass': 4.16,\n",
      " 'R_BC_width': 0.1,\n",
      " 'R_BD->B.D_g_ls_0i': 0.0,\n",
      " 'R_BD->B.D_g_ls_0r': 1.0,\n",
      " 'R_BD->B.D_g_ls_1i': 3.288817536671811,\n",
