{
 "cells": [
  {
   "cell_type": "markdown",
   "metadata": {},
   "source": [
    "First import the module"
   ]
  },
  {
   "cell_type": "code",
   "execution_count": 1,
   "metadata": {},
   "outputs": [],
   "source": [
    "import sys\n",
    "sys.path.insert(0, '..')\n",
    "\n",
    "from tf_pwa.config_loader import ConfigLoader"
   ]
  },
  {
   "cell_type": "markdown",
   "metadata": {},
   "source": [
    "Then load a ``config.yml`` file"
   ]
  },
  {
   "cell_type": "code",
   "execution_count": 2,
   "metadata": {},
   "outputs": [],
   "source": [
    "config = ConfigLoader(\"config.yml\")"
   ]
  },
  {
   "cell_type": "markdown",
   "metadata": {},
   "source": [
    "Now we can fit, with the gen data"
   ]
  },
  {
   "cell_type": "code",
   "execution_count": 3,
   "metadata": {
    "scrolled": false
   },
   "outputs": [
    {
     "name": "stdout",
     "output_type": "stream",
     "text": [
      "/mnt/e/workfs/test_process/tf-pwa/tutorials/../tf_pwa/config_loader/config_loader.py:775: UserWarning: Neglect ['R_BC_mass', 'R_BC_width', 'R_BD_mass', 'R_BD_width', 'R_CD_mass', 'R_CD_width'] when setting params.\r\n",
      "  warnings.warn(\"Neglect {} when setting params.\".format(neglect_params))\r\n",
      "data: 100 , sig: 100 , bkg: 0\r\n"
     ]
    }
   ],
   "source": [
    "!python gen_toy.py"
   ]
  },
  {
   "cell_type": "code",
   "execution_count": 4,
   "metadata": {
    "scrolled": true
   },
   "outputs": [
    {
     "name": "stdout",
     "output_type": "stream",
     "text": [
      "Using Model_old\n",
      "decay chains included: \n",
      "   [A->R_BC+D, R_BC->B+C]  ls:  ((0, 1), (2, 1)) ((0, 1), (2, 1), (2, 2))\n",
      "   [A->R_BD+C, R_BD->B+D]  ls:  ((0, 1), (2, 1), (2, 2)) ((0, 1), (2, 1))\n",
      "   [A->R_CD+B, R_CD->C+D]  ls:  ((0, 1), (2, 1), (2, 2)) ((0, 1), (2, 1))\n",
      "\n",
      "########### initial parameters\n",
      "{\n",
      "  \"R_BC_mass\": 4.16,\n",
      "  \"R_BC_width\": 0.1,\n",
      "  \"R_BD_mass\": 2.43,\n",
      "  \"R_BD_width\": 0.3,\n",
      "  \"R_CD_mass\": 2.42,\n",
      "  \"R_CD_width\": 0.03,\n",
      "  \"A->R_BC.DR_BC->B.C_total_0r\": 0.014857618800308225,\n",
      "  \"A->R_BC.DR_BC->B.C_total_0i\": 0.0,\n",
      "  \"A->R_BC.D_g_ls_0r\": 1.0,\n",
      "  \"A->R_BC.D_g_ls_0i\": 0.0,\n",
      "  \"A->R_BC.D_g_ls_1r\": 0.7014261883349957,\n",
      "  \"A->R_BC.D_g_ls_1i\": 0.718985748771122,\n",
      "  \"R_BC->B.C_g_ls_0r\": 1.0,\n",
      "  \"R_BC->B.C_g_ls_0i\": 0.0,\n",
      "  \"R_BC->B.C_g_ls_1r\": 0.9540999439670403,\n",
      "  \"R_BC->B.C_g_ls_1i\": -0.7882140667331128,\n",
      "  \"R_BC->B.C_g_ls_2r\": 1.7057077389801054,\n",
      "  \"R_BC->B.C_g_ls_2i\": 2.12603126922692,\n",
      "  \"A->R_BD.CR_BD->B.D_total_0r\": 1.1939873383214397,\n",
      "  \"A->R_BD.CR_BD->B.D_total_0i\": -2.466435749682798,\n",
      "  \"A->R_BD.C_g_ls_0r\": 1.0,\n",
      "  \"A->R_BD.C_g_ls_0i\": 0.0,\n",
      "  \"A->R_BD.C_g_ls_1r\": 0.17738953062878338,\n",
      "  \"A->R_BD.C_g_ls_1i\": -3.005251193304317,\n",
      "  \"A->R_BD.C_g_ls_2r\": 1.9258387447445005,\n",
      "  \"A->R_BD.C_g_ls_2i\": -0.6691978467931432,\n",
      "  \"R_BD->B.D_g_ls_0r\": 1.0,\n",
      "  \"R_BD->B.D_g_ls_0i\": 0.0,\n",
      "  \"R_BD->B.D_g_ls_1r\": 0.9477164336500672,\n",
      "  \"R_BD->B.D_g_ls_1i\": -2.8896507455196248,\n",
      "  \"A->R_CD.BR_CD->C.D_total_0r\": 1.5638461458360644,\n",
      "  \"A->R_CD.BR_CD->C.D_total_0i\": 1.865088363140563,\n",
      "  \"A->R_CD.B_g_ls_0r\": 1.0,\n",
      "  \"A->R_CD.B_g_ls_0i\": 0.0,\n",
      "  \"A->R_CD.B_g_ls_1r\": 1.2268763886756204,\n",
      "  \"A->R_CD.B_g_ls_1i\": -2.044629284424893,\n",
      "  \"A->R_CD.B_g_ls_2r\": 1.8776854762507118,\n",
      "  \"A->R_CD.B_g_ls_2i\": 0.4977002400195154,\n",
      "  \"R_CD->C.D_g_ls_0r\": 1.0,\n",
      "  \"R_CD->C.D_g_ls_0i\": 0.0,\n",
      "  \"R_CD->C.D_g_ls_1r\": 0.44051524976380296,\n",
      "  \"R_CD->C.D_g_ls_1i\": 0.32213662129356946\n",
      "}\n",
      "initial NLL:  tf.Tensor(41.3564580643245, shape=(), dtype=float64)\n",
      "nll_grad  cost time: 0.17647719383239746\n",
      "nll_grad  cost time: 0.17722439765930176\n",
      "nll_grad  cost time: 0.17508864402770996\n",
      "tf.Tensor(-11.025797226196175, shape=(), dtype=float64)\n",
      "nll_grad  cost time: 0.16781377792358398\n",
      "nll_grad  cost time: 0.1686079502105713\n",
      "nll_grad  cost time: 0.1787397861480713\n",
      "tf.Tensor(-11.91222125634846, shape=(), dtype=float64)\n",
      "nll_grad  cost time: 0.17296075820922852\n",
      "tf.Tensor(-13.4522659742712, shape=(), dtype=float64)\n",
      "nll_grad  cost time: 0.17684721946716309\n",
      "tf.Tensor(-15.46398219514657, shape=(), dtype=float64)\n",
      "nll_grad  cost time: 0.1889033317565918\n",
      "nll_grad  cost time: 0.17917108535766602\n",
      "tf.Tensor(-16.905025823255812, shape=(), dtype=float64)\n",
      "nll_grad  cost time: 0.18099188804626465\n",
      "nll_grad  cost time: 0.18591594696044922\n",
      "tf.Tensor(-17.46906124105209, shape=(), dtype=float64)\n",
      "nll_grad  cost time: 0.16902756690979004\n",
      "tf.Tensor(-18.25747805084609, shape=(), dtype=float64)\n",
      "nll_grad  cost time: 0.19162487983703613\n",
      "nll_grad  cost time: 0.17636442184448242\n",
      "tf.Tensor(-18.774694042988244, shape=(), dtype=float64)\n",
      "nll_grad  cost time: 0.17700481414794922\n",
      "tf.Tensor(-19.308117104348412, shape=(), dtype=float64)\n",
      "nll_grad  cost time: 0.17081117630004883\n",
      "tf.Tensor(-19.74813571035827, shape=(), dtype=float64)\n",
      "nll_grad  cost time: 0.18451476097106934\n",
      "tf.Tensor(-20.041734784193864, shape=(), dtype=float64)\n",
      "nll_grad  cost time: 0.16948986053466797\n",
      "tf.Tensor(-20.516195408058763, shape=(), dtype=float64)\n",
      "nll_grad  cost time: 0.18775248527526855\n",
      "tf.Tensor(-21.41831858835502, shape=(), dtype=float64)\n",
      "nll_grad  cost time: 0.17290425300598145\n",
      "tf.Tensor(-22.043616295720994, shape=(), dtype=float64)\n",
      "nll_grad  cost time: 0.17824506759643555\n",
      "tf.Tensor(-22.262587322434797, shape=(), dtype=float64)\n",
      "nll_grad  cost time: 0.17549562454223633\n",
      "tf.Tensor(-22.498278968358534, shape=(), dtype=float64)\n",
      "nll_grad  cost time: 0.1763606071472168\n",
      "tf.Tensor(-22.76252385107557, shape=(), dtype=float64)\n",
      "nll_grad  cost time: 0.17940855026245117\n",
      "tf.Tensor(-22.878209040065144, shape=(), dtype=float64)\n",
      "nll_grad  cost time: 0.17291903495788574\n",
      "tf.Tensor(-22.960125155553044, shape=(), dtype=float64)\n",
      "nll_grad  cost time: 0.17671656608581543\n",
      "tf.Tensor(-23.03609878206578, shape=(), dtype=float64)\n",
      "nll_grad  cost time: 0.17908000946044922\n",
      "tf.Tensor(-23.088191436073373, shape=(), dtype=float64)\n",
      "nll_grad  cost time: 0.1717820167541504\n",
      "tf.Tensor(-23.138454773212175, shape=(), dtype=float64)\n",
      "nll_grad  cost time: 0.1721031665802002\n",
      "tf.Tensor(-23.15230704421259, shape=(), dtype=float64)\n",
      "nll_grad  cost time: 0.17710661888122559\n",
      "tf.Tensor(-23.17018080955023, shape=(), dtype=float64)\n",
      "nll_grad  cost time: 0.17738652229309082\n",
      "tf.Tensor(-23.17903094959439, shape=(), dtype=float64)\n",
      "nll_grad  cost time: 0.17618989944458008\n",
      "tf.Tensor(-23.186567795813176, shape=(), dtype=float64)\n",
      "nll_grad  cost time: 0.18359708786010742\n",
      "tf.Tensor(-23.19303664079422, shape=(), dtype=float64)\n",
      "nll_grad  cost time: 0.1733705997467041\n",
      "tf.Tensor(-23.196499981798013, shape=(), dtype=float64)\n",
      "nll_grad  cost time: 0.18335437774658203\n",
      "tf.Tensor(-23.198280328881083, shape=(), dtype=float64)\n",
      "nll_grad  cost time: 0.17950129508972168\n",
      "tf.Tensor(-23.19965418514687, shape=(), dtype=float64)\n",
      "nll_grad  cost time: 0.1844494342803955\n",
      "tf.Tensor(-23.200618230684313, shape=(), dtype=float64)\n",
      "nll_grad  cost time: 0.17969489097595215\n",
      "tf.Tensor(-23.200974555391383, shape=(), dtype=float64)\n",
      "nll_grad  cost time: 0.18124103546142578\n",
      "tf.Tensor(-23.201256689992363, shape=(), dtype=float64)\n",
      "nll_grad  cost time: 0.17611956596374512\n",
      "tf.Tensor(-23.201718830106017, shape=(), dtype=float64)\n",
      "nll_grad  cost time: 0.18073439598083496\n",
      "tf.Tensor(-23.202510357795745, shape=(), dtype=float64)\n",
      "nll_grad  cost time: 0.17761993408203125\n",
      "tf.Tensor(-23.20384018055404, shape=(), dtype=float64)\n",
      "nll_grad  cost time: 0.17830967903137207\n",
      "tf.Tensor(-23.205790096683245, shape=(), dtype=float64)\n",
      "nll_grad  cost time: 0.17431259155273438\n",
      "tf.Tensor(-23.20742252185886, shape=(), dtype=float64)\n",
      "nll_grad  cost time: 0.18662452697753906\n",
      "tf.Tensor(-23.208753169621787, shape=(), dtype=float64)\n",
      "nll_grad  cost time: 0.18767118453979492\n",
      "tf.Tensor(-23.20959116589279, shape=(), dtype=float64)\n",
      "nll_grad  cost time: 0.1870594024658203\n",
      "tf.Tensor(-23.209996510839858, shape=(), dtype=float64)\n",
      "nll_grad  cost time: 0.17110490798950195\n",
      "tf.Tensor(-23.210522028083744, shape=(), dtype=float64)\n",
      "nll_grad  cost time: 0.19124507904052734\n",
      "tf.Tensor(-23.211066124533943, shape=(), dtype=float64)\n",
      "nll_grad  cost time: 0.17965292930603027\n",
      "tf.Tensor(-23.211821556113136, shape=(), dtype=float64)\n",
      "nll_grad  cost time: 0.18224549293518066\n",
      "tf.Tensor(-23.212777492524765, shape=(), dtype=float64)\n",
      "nll_grad  cost time: 0.1788022518157959\n",
      "tf.Tensor(-23.214071153938846, shape=(), dtype=float64)\n",
      "nll_grad  cost time: 0.2075183391571045\n",
      "tf.Tensor(-23.216007279152677, shape=(), dtype=float64)\n",
      "nll_grad  cost time: 0.20610475540161133\n",
      "tf.Tensor(-23.218894938783194, shape=(), dtype=float64)\n",
      "nll_grad  cost time: 0.18286800384521484\n",
      "tf.Tensor(-23.22265499574621, shape=(), dtype=float64)\n",
      "nll_grad  cost time: 0.1979825496673584\n",
      "tf.Tensor(-23.2268801793698, shape=(), dtype=float64)\n",
      "nll_grad  cost time: 0.2149806022644043\n",
      "tf.Tensor(-23.229303398603008, shape=(), dtype=float64)\n",
      "nll_grad  cost time: 0.212385892868042\n",
      "tf.Tensor(-23.230518566375167, shape=(), dtype=float64)\n",
      "nll_grad  cost time: 0.20848464965820312\n",
      "tf.Tensor(-23.2325303066616, shape=(), dtype=float64)\n",
      "nll_grad  cost time: 0.18674087524414062\n",
      "tf.Tensor(-23.23614570580554, shape=(), dtype=float64)\n",
      "nll_grad  cost time: 0.18757867813110352\n",
      "nll_grad  cost time: 0.17818617820739746\n",
      "tf.Tensor(-23.26321541011899, shape=(), dtype=float64)\n",
      "nll_grad  cost time: 0.19436860084533691\n",
      "nll_grad  cost time: 0.21174931526184082\n",
      "tf.Tensor(-23.273841853641045, shape=(), dtype=float64)\n",
      "nll_grad  cost time: 0.19927167892456055\n",
      "tf.Tensor(-23.29318916376927, shape=(), dtype=float64)\n",
      "nll_grad  cost time: 0.17786049842834473\n",
      "nll_grad  cost time: 0.18984198570251465\n",
      "tf.Tensor(-23.30377810498478, shape=(), dtype=float64)\n",
      "nll_grad  cost time: 0.18798041343688965\n",
      "tf.Tensor(-23.322335635454536, shape=(), dtype=float64)\n",
      "nll_grad  cost time: 0.20463252067565918\n",
      "tf.Tensor(-23.33984367262864, shape=(), dtype=float64)\n",
      "nll_grad  cost time: 0.1872081756591797\n",
      "tf.Tensor(-23.372767610182954, shape=(), dtype=float64)\n",
      "nll_grad  cost time: 0.18716955184936523\n",
      "tf.Tensor(-23.43167792698292, shape=(), dtype=float64)\n",
      "nll_grad  cost time: 0.19182729721069336\n",
      "tf.Tensor(-23.540567196839305, shape=(), dtype=float64)\n"
     ]
    },
    {
     "name": "stdout",
     "output_type": "stream",
     "text": [
      "nll_grad  cost time: 0.20901131629943848\n",
      "tf.Tensor(-23.731045594936944, shape=(), dtype=float64)\n",
      "nll_grad  cost time: 0.20319843292236328\n",
      "tf.Tensor(-24.04212738850447, shape=(), dtype=float64)\n",
      "nll_grad  cost time: 0.18091416358947754\n",
      "tf.Tensor(-24.41799630003152, shape=(), dtype=float64)\n",
      "nll_grad  cost time: 0.1840982437133789\n",
      "nll_grad  cost time: 0.18883538246154785\n",
      "tf.Tensor(-24.6574194206558, shape=(), dtype=float64)\n",
      "nll_grad  cost time: 0.18970799446105957\n",
      "nll_grad  cost time: 0.1768026351928711\n",
      "tf.Tensor(-24.782227438561335, shape=(), dtype=float64)\n",
      "nll_grad  cost time: 0.1877448558807373\n",
      "tf.Tensor(-24.98079503700467, shape=(), dtype=float64)\n",
      "nll_grad  cost time: 0.17747783660888672\n",
      "tf.Tensor(-25.269430782610982, shape=(), dtype=float64)\n",
      "nll_grad  cost time: 0.1887526512145996\n",
      "tf.Tensor(-25.71269106489723, shape=(), dtype=float64)\n",
      "nll_grad  cost time: 0.18616533279418945\n",
      "tf.Tensor(-26.282101499278895, shape=(), dtype=float64)\n",
      "nll_grad  cost time: 0.18550896644592285\n",
      "nll_grad  cost time: 0.18183684349060059\n",
      "tf.Tensor(-26.634510331938998, shape=(), dtype=float64)\n",
      "nll_grad  cost time: 0.190016508102417\n",
      "tf.Tensor(-27.115979793412123, shape=(), dtype=float64)\n",
      "nll_grad  cost time: 0.18219518661499023\n",
      "tf.Tensor(-27.411303733135696, shape=(), dtype=float64)\n",
      "nll_grad  cost time: 0.1878676414489746\n",
      "tf.Tensor(-27.54382791754557, shape=(), dtype=float64)\n",
      "nll_grad  cost time: 0.17950081825256348\n",
      "tf.Tensor(-27.74586975883932, shape=(), dtype=float64)\n",
      "nll_grad  cost time: 0.18424248695373535\n",
      "tf.Tensor(-27.992718112843704, shape=(), dtype=float64)\n",
      "nll_grad  cost time: 0.18142080307006836\n",
      "tf.Tensor(-28.09597292768717, shape=(), dtype=float64)\n",
      "nll_grad  cost time: 0.1811530590057373\n",
      "tf.Tensor(-28.169968400219204, shape=(), dtype=float64)\n",
      "nll_grad  cost time: 0.17368173599243164\n",
      "tf.Tensor(-28.277623990377776, shape=(), dtype=float64)\n",
      "nll_grad  cost time: 0.19068002700805664\n",
      "tf.Tensor(-28.443832247166313, shape=(), dtype=float64)\n",
      "nll_grad  cost time: 0.18697166442871094\n",
      "tf.Tensor(-28.629696367884634, shape=(), dtype=float64)\n",
      "nll_grad  cost time: 0.18790268898010254\n",
      "tf.Tensor(-28.66091232477345, shape=(), dtype=float64)\n",
      "nll_grad  cost time: 0.18495988845825195\n",
      "tf.Tensor(-28.712047150675374, shape=(), dtype=float64)\n",
      "nll_grad  cost time: 0.18136382102966309\n",
      "tf.Tensor(-28.770561782634303, shape=(), dtype=float64)\n",
      "nll_grad  cost time: 0.18268060684204102\n",
      "tf.Tensor(-28.782954107301038, shape=(), dtype=float64)\n",
      "nll_grad  cost time: 0.18459057807922363\n",
      "tf.Tensor(-28.801323752495477, shape=(), dtype=float64)\n",
      "nll_grad  cost time: 0.18325209617614746\n",
      "tf.Tensor(-28.824224929176864, shape=(), dtype=float64)\n",
      "nll_grad  cost time: 0.18294787406921387\n",
      "tf.Tensor(-28.84300929931686, shape=(), dtype=float64)\n",
      "nll_grad  cost time: 0.1889958381652832\n",
      "tf.Tensor(-28.85705097123028, shape=(), dtype=float64)\n",
      "nll_grad  cost time: 0.18691420555114746\n",
      "tf.Tensor(-28.866001215866333, shape=(), dtype=float64)\n",
      "nll_grad  cost time: 0.17504048347473145\n",
      "tf.Tensor(-28.8712402247549, shape=(), dtype=float64)\n",
      "nll_grad  cost time: 0.18718338012695312\n",
      "tf.Tensor(-28.877396540099966, shape=(), dtype=float64)\n",
      "nll_grad  cost time: 0.1787264347076416\n",
      "tf.Tensor(-28.881953739928548, shape=(), dtype=float64)\n",
      "nll_grad  cost time: 0.18672728538513184\n",
      "tf.Tensor(-28.88585854411437, shape=(), dtype=float64)\n",
      "nll_grad  cost time: 0.17994403839111328\n",
      "tf.Tensor(-28.88845279721778, shape=(), dtype=float64)\n",
      "nll_grad  cost time: 0.18746614456176758\n",
      "tf.Tensor(-28.89013799049488, shape=(), dtype=float64)\n",
      "nll_grad  cost time: 0.18814587593078613\n",
      "tf.Tensor(-28.89174273269387, shape=(), dtype=float64)\n",
      "nll_grad  cost time: 0.1919851303100586\n",
      "tf.Tensor(-28.89421759406116, shape=(), dtype=float64)\n",
      "nll_grad  cost time: 0.17880797386169434\n",
      "tf.Tensor(-28.898416280087417, shape=(), dtype=float64)\n",
      "nll_grad  cost time: 0.16741275787353516\n",
      "tf.Tensor(-28.903624418776474, shape=(), dtype=float64)\n",
      "nll_grad  cost time: 0.17185592651367188\n",
      "tf.Tensor(-28.905412815954833, shape=(), dtype=float64)\n",
      "nll_grad  cost time: 0.17557859420776367\n",
      "tf.Tensor(-28.908715830149163, shape=(), dtype=float64)\n",
      "nll_grad  cost time: 0.18228650093078613\n",
      "tf.Tensor(-28.91469718369632, shape=(), dtype=float64)\n",
      "nll_grad  cost time: 0.1798408031463623\n",
      "tf.Tensor(-28.92468766194105, shape=(), dtype=float64)\n",
      "nll_grad  cost time: 0.17930030822753906\n",
      "tf.Tensor(-28.936863769593685, shape=(), dtype=float64)\n",
      "nll_grad  cost time: 0.18807411193847656\n",
      "nll_grad  cost time: 0.1847076416015625\n",
      "tf.Tensor(-28.94125790437738, shape=(), dtype=float64)\n",
      "nll_grad  cost time: 0.18643903732299805\n",
      "tf.Tensor(-28.94869697590923, shape=(), dtype=float64)\n",
      "nll_grad  cost time: 0.18523526191711426\n",
      "tf.Tensor(-28.959416876040393, shape=(), dtype=float64)\n",
      "nll_grad  cost time: 0.18404603004455566\n",
      "tf.Tensor(-28.967829186131382, shape=(), dtype=float64)\n",
      "nll_grad  cost time: 0.17778968811035156\n",
      "tf.Tensor(-28.977618404526595, shape=(), dtype=float64)\n",
      "nll_grad  cost time: 0.18729925155639648\n",
      "tf.Tensor(-28.98968071666542, shape=(), dtype=float64)\n",
      "nll_grad  cost time: 0.18164920806884766\n",
      "tf.Tensor(-28.996847927511396, shape=(), dtype=float64)\n",
      "nll_grad  cost time: 0.18791913986206055\n",
      "tf.Tensor(-29.007667723397105, shape=(), dtype=float64)\n",
      "nll_grad  cost time: 0.1852273941040039\n",
      "tf.Tensor(-29.02492348413682, shape=(), dtype=float64)\n",
      "nll_grad  cost time: 0.19019556045532227\n",
      "tf.Tensor(-29.051151944596995, shape=(), dtype=float64)\n",
      "nll_grad  cost time: 0.1797502040863037\n",
      "tf.Tensor(-29.080062630890893, shape=(), dtype=float64)\n",
      "nll_grad  cost time: 0.19550371170043945\n",
      "tf.Tensor(-29.099983764584294, shape=(), dtype=float64)\n",
      "nll_grad  cost time: 0.20510506629943848\n",
      "tf.Tensor(-29.12306390208471, shape=(), dtype=float64)\n",
      "nll_grad  cost time: 0.18434548377990723\n",
      "tf.Tensor(-29.14506856869059, shape=(), dtype=float64)\n",
      "nll_grad  cost time: 0.18575310707092285\n",
      "tf.Tensor(-29.151874333674982, shape=(), dtype=float64)\n",
      "nll_grad  cost time: 0.17926907539367676\n",
      "tf.Tensor(-29.15392069282143, shape=(), dtype=float64)\n",
      "nll_grad  cost time: 0.1885364055633545\n",
      "tf.Tensor(-29.156578382068403, shape=(), dtype=float64)\n",
      "nll_grad  cost time: 0.1823718547821045\n",
      "tf.Tensor(-29.1578735238769, shape=(), dtype=float64)\n",
      "nll_grad  cost time: 0.18498873710632324\n",
      "tf.Tensor(-29.158479094786458, shape=(), dtype=float64)\n",
      "nll_grad  cost time: 0.18315672874450684\n",
      "tf.Tensor(-29.158980815220787, shape=(), dtype=float64)\n",
      "nll_grad  cost time: 0.1880936622619629\n",
      "tf.Tensor(-29.1592278879844, shape=(), dtype=float64)\n",
      "nll_grad  cost time: 0.1790943145751953\n",
      "tf.Tensor(-29.159615582801393, shape=(), dtype=float64)\n",
      "nll_grad  cost time: 0.19142603874206543\n",
      "tf.Tensor(-29.160145618696447, shape=(), dtype=float64)\n",
      "nll_grad  cost time: 0.26548027992248535\n",
      "tf.Tensor(-29.160476257445623, shape=(), dtype=float64)\n",
      "nll_grad  cost time: 0.189697265625\n",
      "tf.Tensor(-29.160668067775077, shape=(), dtype=float64)\n",
      "nll_grad  cost time: 0.18761396408081055\n",
      "tf.Tensor(-29.160779202837944, shape=(), dtype=float64)\n",
      "nll_grad  cost time: 0.19097042083740234\n",
      "tf.Tensor(-29.160911456425424, shape=(), dtype=float64)\n",
      "nll_grad  cost time: 0.19471120834350586\n",
      "tf.Tensor(-29.161133660910593, shape=(), dtype=float64)\n",
      "nll_grad  cost time: 0.1856706142425537\n",
      "tf.Tensor(-29.161492343638372, shape=(), dtype=float64)\n",
      "nll_grad  cost time: 0.18935656547546387\n",
      "tf.Tensor(-29.16198492038467, shape=(), dtype=float64)\n",
      "nll_grad  cost time: 0.17945146560668945\n",
      "tf.Tensor(-29.16233955319086, shape=(), dtype=float64)\n",
      "nll_grad  cost time: 0.18955731391906738\n",
      "tf.Tensor(-29.162875400988355, shape=(), dtype=float64)\n",
      "nll_grad  cost time: 0.18221426010131836\n",
      "tf.Tensor(-29.163572782956237, shape=(), dtype=float64)\n",
      "nll_grad  cost time: 0.18497967720031738\n",
      "tf.Tensor(-29.16465353001911, shape=(), dtype=float64)\n",
      "nll_grad  cost time: 0.18802142143249512\n",
      "tf.Tensor(-29.16612403300769, shape=(), dtype=float64)\n",
      "nll_grad  cost time: 0.19883060455322266\n",
      "nll_grad  cost time: 0.1902787685394287\n",
      "tf.Tensor(-29.16680769849063, shape=(), dtype=float64)\n",
      "nll_grad  cost time: 0.18691611289978027\n",
      "tf.Tensor(-29.167936354945653, shape=(), dtype=float64)\n",
      "nll_grad  cost time: 0.1907656192779541\n",
      "tf.Tensor(-29.169567755168032, shape=(), dtype=float64)\n",
      "nll_grad  cost time: 0.18785524368286133\n",
      "tf.Tensor(-29.170340993572097, shape=(), dtype=float64)\n",
      "nll_grad  cost time: 0.1930990219116211\n",
      "tf.Tensor(-29.170991283461944, shape=(), dtype=float64)\n"
     ]
    },
    {
     "name": "stdout",
     "output_type": "stream",
     "text": [
      "nll_grad  cost time: 0.18689203262329102\n",
      "tf.Tensor(-29.17115041051153, shape=(), dtype=float64)\n",
      "nll_grad  cost time: 0.18173789978027344\n",
      "tf.Tensor(-29.171413571805886, shape=(), dtype=float64)\n",
      "nll_grad  cost time: 0.18392348289489746\n",
      "tf.Tensor(-29.17183488646998, shape=(), dtype=float64)\n",
      "nll_grad  cost time: 0.17782282829284668\n",
      "tf.Tensor(-29.172442241223337, shape=(), dtype=float64)\n",
      "nll_grad  cost time: 0.17808818817138672\n",
      "tf.Tensor(-29.173050662911123, shape=(), dtype=float64)\n",
      "nll_grad  cost time: 0.1804957389831543\n",
      "tf.Tensor(-29.173732576268264, shape=(), dtype=float64)\n",
      "nll_grad  cost time: 0.18571257591247559\n",
      "tf.Tensor(-29.174143024906186, shape=(), dtype=float64)\n",
      "nll_grad  cost time: 0.1836843490600586\n",
      "tf.Tensor(-29.174479408625132, shape=(), dtype=float64)\n",
      "nll_grad  cost time: 0.18341445922851562\n",
      "tf.Tensor(-29.174810992276605, shape=(), dtype=float64)\n",
      "nll_grad  cost time: 0.16867280006408691\n",
      "tf.Tensor(-29.17498616862389, shape=(), dtype=float64)\n",
      "nll_grad  cost time: 0.18385839462280273\n",
      "tf.Tensor(-29.17508798755341, shape=(), dtype=float64)\n",
      "nll_grad  cost time: 0.18847036361694336\n",
      "tf.Tensor(-29.175125075153574, shape=(), dtype=float64)\n",
      "nll_grad  cost time: 0.192108154296875\n",
      "tf.Tensor(-29.175140471501265, shape=(), dtype=float64)\n",
      "nll_grad  cost time: 0.18138647079467773\n",
      "tf.Tensor(-29.175142709960312, shape=(), dtype=float64)\n",
      "nll_grad  cost time: 0.1911008358001709\n",
      "tf.Tensor(-29.17514337281267, shape=(), dtype=float64)\n",
      "nll_grad  cost time: 0.1860954761505127\n",
      "tf.Tensor(-29.17514351154466, shape=(), dtype=float64)\n",
      "nll_grad  cost time: 0.19301176071166992\n",
      "tf.Tensor(-29.175143578512177, shape=(), dtype=float64)\n",
      "nll_grad  cost time: 0.18727469444274902\n",
      "tf.Tensor(-29.175143586925515, shape=(), dtype=float64)\n",
      "nll_grad  cost time: 0.18837785720825195\n",
      "tf.Tensor(-29.17514358857551, shape=(), dtype=float64)\n",
      "nll_grad  cost time: 0.18724441528320312\n",
      "tf.Tensor(-29.175143588845458, shape=(), dtype=float64)\n",
      "nll_grad  cost time: 0.18791508674621582\n",
      "tf.Tensor(-29.17514358888957, shape=(), dtype=float64)\n",
      "nll_grad  cost time: 0.1988978385925293\n",
      "tf.Tensor(-29.17514358889423, shape=(), dtype=float64)\n",
      "nll_grad  cost time: 0.19691991806030273\n",
      "tf.Tensor(-29.17514358889497, shape=(), dtype=float64)\n",
      "Optimization terminated successfully.\n",
      "         Current function value: -29.175144\n",
      "         Iterations: 170\n",
      "         Function evaluations: 185\n",
      "         Gradient evaluations: 185\n",
      "      fun: -29.17514358889497\n",
      " hess_inv: array([[ 3.40514200e+01, -9.67596874e-01, -5.11535811e+01,\n",
      "         9.13759153e-02, -4.56075176e+01,  6.90107927e-01,\n",
      "        -5.94423821e-01, -1.00251174e+00,  1.93374079e+00,\n",
      "         4.39722174e-01, -2.89617369e+00,  5.29584575e-01,\n",
      "        -2.28664453e-01,  2.22185599e+00,  7.00458963e-02,\n",
      "        -1.13690130e+00, -6.16385270e-01,  1.71038830e+00,\n",
      "         1.35347562e+00, -1.36251326e+00,  2.69430333e+01,\n",
      "         1.66803319e+00],\n",
      "       [-9.67596874e-01,  5.27126093e-01,  4.67799711e+00,\n",
      "        -5.65301934e-02,  4.81351194e+00, -6.21957731e-02,\n",
      "         3.54561642e-02,  1.63123826e-01, -5.21932740e-01,\n",
      "        -9.86548746e-02,  2.70156113e-01, -5.46637455e-03,\n",
      "         9.75498484e-01, -4.85694757e-01, -4.18422410e-03,\n",
      "         2.04423207e-01,  1.98879400e-01,  2.35825579e-01,\n",
      "        -4.09591202e-02,  1.35943688e-01, -1.24793354e+00,\n",
      "        -1.49547977e-01],\n",
      "       [-5.11535811e+01,  4.67799711e+00,  4.12676661e+02,\n",
      "         1.79253010e+00,  3.92379232e+02, -6.08829504e+00,\n",
      "         3.30502543e+00,  6.24002626e+00, -1.42331248e+01,\n",
      "         2.59073348e-01,  6.92114694e+00, -4.50002230e+00,\n",
      "         1.21483961e+01, -1.14462933e+01, -3.29464231e-01,\n",
      "        -1.62505713e-01,  8.09134585e+00, -4.49041406e+00,\n",
      "         6.77783624e+00,  1.21482719e+01, -2.13812324e+01,\n",
      "        -3.96581979e+00],\n",
      "       [ 9.13759153e-02, -5.65301934e-02,  1.79253010e+00,\n",
      "         3.69926625e+00,  9.89068872e+00,  2.67526881e+00,\n",
      "         3.44007037e-02,  2.82268038e+00, -7.38669475e-01,\n",
      "         6.20463999e-01,  1.19567759e+00, -2.63619680e-01,\n",
      "         1.73046772e+00, -4.53887225e-01, -7.11577744e-03,\n",
      "         2.68393110e+00, -2.39197570e-01, -1.03126119e-01,\n",
      "        -2.88279741e-01,  4.78008766e-01, -3.95901252e+00,\n",
      "         9.60429100e-03],\n",
      "       [-4.56075176e+01,  4.81351194e+00,  3.92379232e+02,\n",
      "         9.89068872e+00,  4.17279488e+02, -5.40578234e-01,\n",
      "         3.21991767e+00,  1.27158871e+01, -1.65592417e+01,\n",
      "         1.55253351e+00,  9.88623791e+00, -5.33972222e+00,\n",
      "         1.64984001e+01, -1.33488418e+01, -3.30708539e-01,\n",
      "         5.77776286e+00,  7.65900363e+00, -2.45025994e+00,\n",
      "         6.44029250e+00,  1.25798299e+01, -2.76320061e+01,\n",
      "        -3.74243097e+00],\n",
      "       [ 6.90107927e-01, -6.21957731e-02, -6.08829504e+00,\n",
      "         2.67526881e+00, -5.40578234e-01,  3.70173965e+00,\n",
      "        -3.35071618e-02,  2.62672608e+00, -4.05767819e-01,\n",
      "         8.01313504e-01,  9.19821345e-01,  2.86022457e-01,\n",
      "         9.63419943e-01, -1.15344516e-01, -7.43539871e-04,\n",
      "         2.59100566e+00, -6.47284360e-01, -9.64407022e-01,\n",
      "        -4.57980613e-01,  3.09783540e-01, -4.60698590e+00,\n",
      "         8.35711058e-02],\n",
      "       [-5.94423821e-01,  3.54561642e-02,  3.30502543e+00,\n",
      "         3.44007037e-02,  3.21991767e+00, -3.35071618e-02,\n",
      "         2.92022270e-02,  6.87879426e-02, -1.11915976e-01,\n",
      "        -2.10935420e-03,  3.64697054e-02, -3.97452500e-02,\n",
      "         5.97333800e-02, -8.16742399e-02, -3.01187835e-03,\n",
      "         2.94535628e-02,  5.89167761e-02, -5.49344469e-02,\n",
      "         3.11590578e-02,  1.00827669e-01, -5.35586155e-01,\n",
      "        -4.83044151e-02],\n",
      "       [-1.00251174e+00,  1.63123826e-01,  6.24002626e+00,\n",
      "         2.82268038e+00,  1.27158871e+01,  2.62672608e+00,\n",
      "         6.87879426e-02,  2.99183710e+00, -8.69964530e-01,\n",
      "         2.81384878e-01,  8.80185046e-01, -3.06103446e-01,\n",
      "         1.09117167e+00, -3.87434710e-01, -9.49001907e-03,\n",
      "         2.60757295e+00, -1.70411202e-01, -8.54884357e-01,\n",
      "        -7.40837280e-02,  6.33800875e-01, -3.22578300e+00,\n",
      "        -2.54616048e-01],\n",
      "       [ 1.93374079e+00, -5.21932740e-01, -1.42331248e+01,\n",
      "        -7.38669475e-01, -1.65592417e+01, -4.05767819e-01,\n",
      "        -1.11915976e-01, -8.69964530e-01,  3.18229051e+00,\n",
      "         3.30194614e-01, -5.12357504e-01,  3.63713605e-03,\n",
      "        -1.96672258e+00,  7.42620331e-01,  1.64186778e-02,\n",
      "        -5.11949144e-01, -3.91622051e-01,  1.62697574e-01,\n",
      "        -5.60760381e-02, -6.69230845e-01,  9.18583962e+00,\n",
      "         8.41452422e-02],\n",
      "       [ 4.39722174e-01, -9.86548746e-02,  2.59073348e-01,\n",
      "         6.20463999e-01,  1.55253351e+00,  8.01313504e-01,\n",
      "        -2.10935420e-03,  2.81384878e-01,  3.30194614e-01,\n",
      "         2.32502040e+00,  3.93881042e-01,  1.20327018e-01,\n",
      "         1.58034891e+00, -7.71341433e-01, -9.35112214e-04,\n",
      "         1.83068594e-01, -2.42858978e-01,  3.08138057e-01,\n",
      "        -4.13425792e-01,  3.01666541e-01, -1.30774949e+00,\n",
      "         3.44234397e-01],\n",
      "       [-2.89617369e+00,  2.70156113e-01,  6.92114694e+00,\n",
      "         1.19567759e+00,  9.88623791e+00,  9.19821345e-01,\n",
      "         3.64697054e-02,  8.80185046e-01, -5.12357504e-01,\n",
      "         3.93881042e-01,  3.29274863e+00, -1.79751125e-01,\n",
      "         2.19285414e+00, -1.49822527e+00, -8.06697149e-03,\n",
      "         7.39246129e-01,  1.12488130e-01,  4.99036484e-01,\n",
      "        -2.90756192e-02,  4.73766348e-01, -4.92146203e-01,\n",
      "        -6.25332380e-02],\n",
      "       [ 5.29584575e-01, -5.46637455e-03, -4.50002230e+00,\n",
      "        -2.63619680e-01, -5.33972222e+00,  2.86022457e-01,\n",
      "        -3.97452500e-02, -3.06103446e-01,  3.63713605e-03,\n",
      "         1.20327018e-01, -1.79751125e-01,  5.56988175e-01,\n",
      "        -2.96094753e-01,  3.30967030e-01,  2.59547754e-03,\n",
      "        -5.85309675e-02, -2.40403099e-01, -1.89187757e-01,\n",
      "        -2.36165663e-01, -1.66090364e-01, -2.60916980e+00,\n",
      "         1.69252594e-01],\n",
      "       [-2.28664453e-01,  9.75498484e-01,  1.21483961e+01,\n",
      "         1.73046772e+00,  1.64984001e+01,  9.63419943e-01,\n",
      "         5.97333800e-02,  1.09117167e+00, -1.96672258e+00,\n",
      "         1.58034891e+00,  2.19285414e+00, -2.96094753e-01,\n",
      "         9.79651507e+00, -3.11789350e+00, -8.10822247e-03,\n",
      "         1.03282535e+00,  5.95802800e-01,  2.06320458e+00,\n",
      "        -3.87513042e-01,  5.68777901e-01,  2.87419735e+00,\n",
      "         1.40551414e-01],\n",
      "       [ 2.22185599e+00, -4.85694757e-01, -1.14462933e+01,\n",
      "        -4.53887225e-01, -1.33488418e+01, -1.15344516e-01,\n",
      "        -8.16742399e-02, -3.87434710e-01,  7.42620331e-01,\n",
      "        -7.71341433e-01, -1.49822527e+00,  3.30967030e-01,\n",
      "        -3.11789350e+00,  2.72570759e+00,  9.29252013e-03,\n",
      "        -1.10357502e-01, -3.85820517e-01, -1.09786714e+00,\n",
      "         6.39008885e-02, -4.70608452e-01, -9.15608004e-01,\n",
      "        -3.63501802e-02],\n",
      "       [ 7.00458963e-02, -4.18422410e-03, -3.29464231e-01,\n",
      "        -7.11577744e-03, -3.30708539e-01, -7.43539871e-04,\n",
      "        -3.01187835e-03, -9.49001907e-03,  1.64186778e-02,\n",
      "        -9.35112214e-04, -8.06697149e-03,  2.59547754e-03,\n",
      "        -8.10822247e-03,  9.29252013e-03,  3.99478979e-04,\n",
      "        -6.83649552e-03, -1.41930931e-03,  1.18144884e-02,\n",
      "         6.26397171e-03, -1.12613882e-02,  2.25731697e-01,\n",
      "         5.35644905e-03],\n",
      "       [-1.13690130e+00,  2.04423207e-01, -1.62505713e-01,\n",
      "         2.68393110e+00,  5.77776286e+00,  2.59100566e+00,\n",
      "         2.94535628e-02,  2.60757295e+00, -5.11949144e-01,\n",
      "         1.83068594e-01,  7.39246129e-01, -5.85309675e-02,\n",
      "         1.03282535e+00, -1.10357502e-01, -6.83649552e-03,\n",
      "         3.18606961e+00, -3.07944598e-01, -6.75716339e-01,\n",
      "        -5.29036496e-01, -2.28523004e-02, -6.29326397e+00,\n",
      "        -6.95190170e-01],\n",
      "       [-6.16385270e-01,  1.98879400e-01,  8.09134585e+00,\n",
      "        -2.39197570e-01,  7.65900363e+00, -6.47284360e-01,\n",
      "         5.89167761e-02, -1.70411202e-01, -3.91622051e-01,\n",
      "        -2.42858978e-01,  1.12488130e-01, -2.40403099e-01,\n",
      "         5.95802800e-01, -3.85820517e-01, -1.41930931e-03,\n",
      "        -3.07944598e-01,  1.79743166e+00,  7.55524173e-01,\n",
      "         9.97735112e-01,  9.42247958e-02,  5.45243878e+00,\n",
      "        -4.41701027e-02],\n",
      "       [ 1.71038830e+00,  2.35825579e-01, -4.49041406e+00,\n",
      "        -1.03126119e-01, -2.45025994e+00, -9.64407022e-01,\n",
      "        -5.49344469e-02, -8.54884357e-01,  1.62697574e-01,\n",
      "         3.08138057e-01,  4.99036484e-01, -1.89187757e-01,\n",
      "         2.06320458e+00, -1.09786714e+00,  1.18144884e-02,\n",
      "        -6.75716339e-01,  7.55524173e-01,  4.51168457e+00,\n",
      "         3.88435868e-01, -3.13391916e-02,  1.46286977e+01,\n",
      "         3.31999026e-01],\n",
      "       [ 1.35347562e+00, -4.09591202e-02,  6.77783624e+00,\n",
      "        -2.88279741e-01,  6.44029250e+00, -4.57980613e-01,\n",
      "         3.11590578e-02, -7.40837280e-02, -5.60760381e-02,\n",
      "        -4.13425792e-01, -2.90756192e-02, -2.36165663e-01,\n",
      "        -3.87513042e-01,  6.39008885e-02,  6.26397171e-03,\n",
      "        -5.29036496e-01,  9.97735112e-01,  3.88435868e-01,\n",
      "         2.83931795e+00,  7.68541842e-02,  1.64991940e+01,\n",
      "         5.26839415e-02],\n",
      "       [-1.36251326e+00,  1.35943688e-01,  1.21482719e+01,\n",
      "         4.78008766e-01,  1.25798299e+01,  3.09783540e-01,\n",
      "         1.00827669e-01,  6.33800875e-01, -6.69230845e-01,\n",
      "         3.01666541e-01,  4.73766348e-01, -1.66090364e-01,\n",
      "         5.68777901e-01, -4.70608452e-01, -1.12613882e-02,\n",
      "        -2.28523004e-02,  9.42247958e-02, -3.13391916e-02,\n",
      "         7.68541842e-02,  1.58886776e+00, -2.76947707e+00,\n",
      "        -1.14947917e-01],\n",
      "       [ 2.69430333e+01, -1.24793354e+00, -2.13812324e+01,\n",
      "        -3.95901252e+00, -2.76320061e+01, -4.60698590e+00,\n",
      "        -5.35586155e-01, -3.22578300e+00,  9.18583962e+00,\n",
      "        -1.30774949e+00, -4.92146203e-01, -2.60916980e+00,\n",
      "         2.87419735e+00, -9.15608004e-01,  2.25731697e-01,\n",
      "        -6.29326397e+00,  5.45243878e+00,  1.46286977e+01,\n",
      "         1.64991940e+01, -2.76947707e+00,  3.94317078e+02,\n",
      "         2.24310231e+00],\n",
      "       [ 1.66803319e+00, -1.49547977e-01, -3.96581979e+00,\n",
      "         9.60429100e-03, -3.74243097e+00,  8.35711058e-02,\n",
      "        -4.83044151e-02, -2.54616048e-01,  8.41452422e-02,\n",
      "         3.44234397e-01, -6.25332380e-02,  1.69252594e-01,\n",
      "         1.40551414e-01, -3.63501802e-02,  5.35644905e-03,\n",
      "        -6.95190170e-01, -4.41701027e-02,  3.31999026e-01,\n",
      "         5.26839415e-02, -1.14947917e-01,  2.24310231e+00,\n",
      "         9.68950653e-01]])\n",
      "      jac: array([ 3.22181766e-08, -1.01537073e-07,  4.26914504e-10, -3.61376868e-07,\n",
      "       -3.82103256e-08, -1.40114198e-07, -7.57993575e-07,  1.11692968e-07,\n",
      "       -1.71041457e-07,  1.41915164e-07,  1.18914407e-07, -3.72263623e-07,\n",
      "        1.48388799e-08,  1.66584775e-07, -4.90307293e-05,  3.75948680e-07,\n",
      "       -2.54325414e-08,  7.58395799e-08,  1.28417271e-07,  6.04357964e-08,\n",
      "        1.81475635e-08,  3.93197359e-07])\n",
      "  message: 'Optimization terminated successfully.'\n",
      "     nfev: 185\n",
      "      nit: 170\n",
      "     njev: 185\n",
      "   status: 0\n",
      "  success: True\n",
      "        x: array([-8.22828828e+00, -4.08545205e-01,  8.31649939e+00, -3.93253666e+00,\n",
      "        1.02293983e+01,  1.53169362e+00,  7.71879315e-02, -3.58037905e+00,\n",
      "       -1.03844554e+00, -2.75727218e+00,  2.73255817e+00, -9.47188936e-02,\n",
      "        2.56564404e+00, -3.47520560e+00, -7.50267796e-03, -1.11867170e+00,\n",
      "        9.16651174e-01, -2.86937023e+00,  1.31350842e+00, -3.24327039e+00,\n",
      "        1.66451908e+01,  5.01899521e-01])\n",
      "fit  cost time: 35.878289222717285\n"
     ]
    }
   ],
   "source": [
    "fit_result = config.fit()"
   ]
  },
  {
   "cell_type": "markdown",
   "metadata": {},
   "source": [
    "we can get the parameters from fit result"
   ]
  },
  {
   "cell_type": "code",
   "execution_count": 5,
   "metadata": {
    "scrolled": true
   },
   "outputs": [
    {
     "name": "stdout",
     "output_type": "stream",
     "text": [
      "{'A->R_BC.DR_BC->B.C_total_0i': 0.0,\n",
      " 'A->R_BC.DR_BC->B.C_total_0r': 0.014857618800308225,\n",
      " 'A->R_BC.D_g_ls_0i': 0.0,\n",
      " 'A->R_BC.D_g_ls_0r': 1.0,\n",
      " 'A->R_BC.D_g_ls_1i': -0.40854520469365474,\n",
      " 'A->R_BC.D_g_ls_1r': -8.228288281981865,\n",
      " 'A->R_BD.CR_BD->B.D_total_0i': -3.580379047339817,\n",
      " 'A->R_BD.CR_BD->B.D_total_0r': 0.07718793149498038,\n",
      " 'A->R_BD.C_g_ls_0i': 0.0,\n",
      " 'A->R_BD.C_g_ls_0r': 1.0,\n",
      " 'A->R_BD.C_g_ls_1i': -2.7572721757846694,\n",
      " 'A->R_BD.C_g_ls_1r': -1.0384455359165377,\n",
      " 'A->R_BD.C_g_ls_2i': -0.09471889362223967,\n",
      " 'A->R_BD.C_g_ls_2r': 2.7325581711675624,\n",
      " 'A->R_CD.BR_CD->C.D_total_0i': -1.1186716957958964,\n",
      " 'A->R_CD.BR_CD->C.D_total_0r': -0.007502677963729608,\n",
      " 'A->R_CD.B_g_ls_0i': 0.0,\n",
      " 'A->R_CD.B_g_ls_0r': 1.0,\n",
      " 'A->R_CD.B_g_ls_1i': -2.8693702279783215,\n",
      " 'A->R_CD.B_g_ls_1r': 0.9166511740907545,\n",
      " 'A->R_CD.B_g_ls_2i': -3.243270388412527,\n",
      " 'A->R_CD.B_g_ls_2r': 1.3135084202015663,\n",
      " 'R_BC->B.C_g_ls_0i': 0.0,\n",
      " 'R_BC->B.C_g_ls_0r': 1.0,\n",
      " 'R_BC->B.C_g_ls_1i': -3.932536664038472,\n",
      " 'R_BC->B.C_g_ls_1r': 8.316499394153523,\n",
